512.1
448.9
482.6
480.5
375.6
247.0
450.4
268.6
385.6
297.6
391.9
341.9
306.6
553.2
329.2
534.2
410.9
475.7
340.8
396.7
539.5
340.8
655.4
426.7
518.9
305.5
428.3
275.5
481.5
428.3
413.0
348.7
350.3
556.3
454.1
421.5
576.9
499.4
385.6
580.6
420.9
432.5
598.0
544.2
483.1
377.7
311.3
403.0
368.8
357.7
542.6
440.4
292.4
432.0
289.7
220.7
398.3
271.8
448.9
396.2
431.5
443.6
406.2
551.1
399.8
398.3
457.8
373.0
491.0
301.3
461.5
549.5
484.2
399.8
399.8
429.9
445.2
471.0
433.6
438.3
459.4
563.2
532.6
386.1
355.1
231.8
474.7
468.3
434.6
321.9
328.2
481.5
432.5
390.4
496.3
525.3
458.3
602.2
459.4
527.9
402.5
354.0
262.8
365.6
473.6
398.3
411.4
461.5
485.2
406.7
374.6
432.0
381.4
414.1
388.3
423.0
366.7
468.3
277.6
638.0
282.9
443.6
406.2
470.5
223.3
508.9
407.2
549.5
410.4
431.5
680.2
368.2
527.4
383.5
334.5
445.2
542.6
492.6
407.2
261.8
459.9
424.6
519.5
319.2
419.3
528.9
457.8
415.7
357.7
589.0
