269.7
228.4
254.1
279.5
215.9
291.2
383.2
181.4
220.9
225.0
295.6
166.8
159.6
267.9
234.4
184.8
220.1
243.4
235.7
321.6
296.9
168.9
242.7
201.9
280.8
151.0
271.2
177.2
170.2
238.5
256.7
233.1
234.1
262.4
223.2
361.1
174.4
153.1
201.4
184.2
201.6
204.5
266.6
210.5
218.0
257.2
222.7
216.4
231.5
227.3
208.6
190.7
218.3
350.2
283.4
217.0
228.1
284.2
272.8
186.3
187.1
230.5
284.5
233.3
251.2
195.9
251.2
252.5
283.7
156.2
203.2
202.7
240.3
221.1
300.1
246.0
172.3
324.7
189.4
210.5
264.0
241.1
236.2
227.6
324.5
177.5
258.3
196.4
252.5
184.8
224.5
221.4
203.2
205.8
203.2
237.0
161.1
202.7
244.7
217.7
189.9
201.9
241.4
284.2
252.3
248.6
317.5
215.9
254.9
254.4
248.1
206.0
245.5
231.5
288.6
209.4
161.6
283.2
237.2
151.0
265.5
235.4
249.7
261.4
238.5
239.8
290.5
309.7
273.3
206.0
267.6
253.6
206.3
188.1
187.1
176.4
177.2
243.2
239.0
238.0
255.9
155.1
245.8
237.5
226.8
236.2
220.1
204.0
223.7
136.4
249.4
207.9
211.2
208.6
245.3
215.9
247.3
248.6
209.7
355.6
266.8
260.8
242.7
194.6
232.5
211.5
226.6
279.8
304.0
274.6
173.8
278.0
280.1
205.3
212.8
219.0
272.5
263.4
153.1
216.2
251.2
269.4
259.5
373.0
153.1
238.5
254.6
224.5
226.0
241.9
214.1
196.4
238.0
220.3
289.2
240.3
243.4
172.5
240.3
222.1
233.8
200.3
206.6
174.1
247.6
199.6
238.0
183.5
353.8
302.9
