148.9
162.9
134.0
134.3
152.9
208.9
238.5
222.9
140.6
202.9
132.6
153.3
190.9
195.6
145.9
199.6
183.9
178.2
234.2
196.6
259.2
222.9
149.6
198.6
208.5
170.2
158.6
231.2
238.2
197.6
303.1
231.2
237.8
212.9
189.6
225.2
170.6
152.3
99.0
149.3
135.6
190.6
194.2
167.3
205.2
212.9
213.5
232.5
159.3
208.9
144.3
155.9
172.2
77.7
181.6
161.6
147.6
146.9
163.3
162.9
145.6
186.9
181.9
146.3
183.6
175.9
122.0
209.9
148.6
174.6
215.2
255.5
212.5
255.2
201.2
217.2
183.6
196.6
222.5
219.2
188.9
214.5
236.5
256.2
246.2
209.9
227.5
258.5
230.9
226.9
183.9
243.5
244.2
282.8
283.1
219.5
180.6
208.5
234.8
149.9
123.6
161.3
204.2
147.6
209.2
196.2
175.9
140.9
199.2
202.2
200.9
199.9
217.2
152.3
192.9
228.2
191.6
235.8
205.5
138.9
141.9
130.3
178.6
197.6
176.6
177.6
156.6
204.2
156.9
253.8
262.2
278.1
287.8
198.6
222.9
166.6
174.2
191.9
151.9
145.6
195.9
223.9
243.5
225.5
227.9
204.9
200.2
231.9
264.2
247.8
122.6
196.6
161.3
149.3
161.9
146.9
198.2
210.9
130.0
166.9
168.9
200.2
175.2
202.9
148.6
186.2
200.9
225.9
250.2
281.8
304.1
158.3
231.9
199.6
124.6
163.9
189.9
205.9
197.6
220.9
179.2
208.5
162.3
235.8
266.5
204.9
168.6
176.9
141.3
172.9
102.0
168.9
167.3
205.5
191.2
235.2
244.2
259.5
130.3
166.9
126.6
184.6
189.2
196.2
125.6
203.9
130.0
176.2
217.2
219.5
251.5
219.5
101.0
188.9
168.6
165.3
119.0
217.5
186.6
204.9
212.2
198.2
217.5
209.2
175.2
163.9
210.5
173.9
176.6
203.2
187.6
161.3
102.0
153.9
116.3
129.3
142.3
206.2
188.2
236.5
226.5
164.3
152.3
163.3
242.5
244.2
233.5
148.6
164.6
210.9
171.2
162.6
204.5
253.2
241.5
282.8
208.5
223.5
203.9
179.6
143.6
152.9
161.3
183.9
182.2
197.2
177.6
162.3
244.2
234.5
170.6
187.2
219.9
174.9
122.3
176.2
107.0
103.3
128.6
201.2
180.2
200.5
214.5
133.0
176.6
186.6
160.3
141.3
218.2
133.3
144.6
177.2
241.2
181.9
237.8
179.9
186.2
228.5
198.2
244.2
226.5
238.8
224.2
250.5
122.6
206.2
202.2
192.6
216.2
270.1
108.3
210.2
156.3
188.6
227.2
152.6
146.3
242.5
228.2
195.6
208.2
242.2
210.2
171.9
158.9
165.6
179.9
190.9
168.9
206.2
267.8
227.5
123.0
199.2
134.6
168.2
204.2
186.2
231.5
309.1
104.3
199.6
180.9
172.9
160.3
200.2
156.6
181.2
197.6
124.6
191.6
182.2
151.6
268.1
229.2
162.6
134.0
164.9
139.3
166.9
174.2
191.6
251.8
238.8
162.9
267.5
173.9
135.6
194.6
137.3
162.9
241.8
196.9
185.6
280.5
176.2
177.6
178.6
224.9
180.6
168.9
220.2
192.9
180.9
147.6
192.9
211.5
259.5
142.9
217.5
240.5
150.3
199.6
281.5
109.0
188.2
208.9
178.6
174.6
307.8
260.2
215.5
179.2
210.5
201.2
170.9
